<?xml version="1.0"?>
<opencv_storage>
<mtxL type_id="opencv-matrix">
  <rows>3</rows>
  <cols>3</cols>
  <dt>d</dt>
  <data>
    9.7047134564895941e+02 0. 9.7088670828284751e+02 0.
    9.7261185716401667e+02 5.6652180174050807e+02 0. 0. 1.</data></mtxL>
<mtxR type_id="opencv-matrix">
  <rows>3</rows>
  <cols>3</cols>
  <dt>d</dt>
  <data>
    9.7153754958758816e+02 0. 9.6129720554015682e+02 0.
    9.8014553696026587e+02 5.6798797447070365e+02 0. 0. 1.</data></mtxR>
<distL type_id="opencv-matrix">
  <rows>1</rows>
  <cols>5</cols>
  <dt>d</dt>
  <data>
    -3.2637121620073006e-01 1.2716596376157696e-01
    7.4523139642574602e-04 5.5170099374252359e-05
    -2.4076151177182585e-02</data></distL>
<distR type_id="opencv-matrix">
  <rows>1</rows>
  <cols>5</cols>
  <dt>d</dt>
  <data>
    -3.1287239215651308e-01 1.1414663098773295e-01
    1.6304437042810975e-03 1.3486233541719801e-03
    -1.9896889358975347e-02</data></distR>
<rvecsL type_id="opencv-matrix">
  <rows>9</rows>
  <cols>3</cols>
  <dt>d</dt>
  <data>
    -1.5370889404102164e-01 -9.0583839016649750e-02
    1.0398425505275538e-01 -1.9715582493804362e-01
    -7.4101550640309932e-01 -1.8339947860426153e-01
    -3.1146511057100457e-01 4.4153489637054216e-01
    2.1394175265018839e-01 -2.1230601172093477e-01
    -4.3397031494662958e-01 5.2865327533308359e-02
    -2.0676522373247996e-01 3.8100405390692421e-01
    1.5142119461851686e-01 -1.1439868946159210e-01
    -4.8524323582684525e-01 5.4525519726300584e-02
    -6.9864262870277055e-02 -3.8479603945581498e-01
    1.2388312694447039e-01 -1.6429501253349996e-01
    7.7678954373056108e-01 2.9390661444685473e-01
    -1.2169838420916347e-01 -1.0888181490433846e-01
    1.2171477179855923e-01</data></rvecsL>
<rvecsR type_id="opencv-matrix">
  <rows>9</rows>
  <cols>3</cols>
  <dt>d</dt>
  <data>
    -1.4707790074018379e-01 -9.9830971437754684e-02
    8.4342999139181890e-02 -2.3259065630006684e-01
    -7.5738578207084872e-01 -1.5238548302969143e-01
    -3.7830983841095384e-01 4.7361936496956208e-01
    1.9882144325500431e-01 -2.1939612956070745e-01
    -3.8227193772468332e-01 4.4766910946364862e-02
    -2.3039063869795781e-01 3.9584145560658213e-01
    1.5094779390043045e-01 -1.2243249034236696e-01
    -3.8765127178113856e-01 4.6368504375862610e-02
    -8.0069640447346130e-02 -4.3584474550583929e-01
    1.1002909930780307e-01 -1.7120013067209311e-01
    7.4373909902473012e-01 2.7183045737433942e-01
    -1.1529782706265071e-01 -7.8378064386844817e-02
    5.8912743220769545e-02</data></rvecsR>
<tvecsL type_id="opencv-matrix">
  <rows>9</rows>
  <cols>3</cols>
  <dt>d</dt>
  <data>
    -1.0942083745326983e+01 -2.7860371403452562e+00
    1.0438828837757580e+01 -7.6392343732074544e+00
    -5.0652421074650027e+00 8.7356703258679094e+00
    4.9788652883203621e+00 -5.8221631681816834e+00
    1.2881183941368896e+01 -8.1601732601477259e+00
    -5.3462767411781851e+00 1.1181770409741528e+01
    -6.7623548489790519e-01 -4.5608235942391522e+00
    1.0477694578513770e+01 -3.6967634331381598e+00
    -3.2374813801546378e+00 8.0307624543053908e+00
    -3.5774238827667153e+00 -4.7241980477029806e+00
    1.0166349540447518e+01 2.8541329408440426e+00
    -4.9943710482287793e+00 1.3707485087123839e+01
    -8.1495578582399357e+00 -2.4388447088517542e+00
    9.9096789085598225e+00</data></tvecsL>
<tvecsR type_id="opencv-matrix">
  <rows>9</rows>
  <cols>3</cols>
  <dt>d</dt>
  <data>
    -1.4449150055664887e+01 -2.7317031073621840e+00
    1.0868513404925114e+01 -1.0771846805369597e+01
    -6.1317554741167672e+00 9.4800749123501102e+00
    1.0259424252858846e+00 -5.3932154891696182e+00
    1.1933991663666577e+01 -9.8705178779888953e+00
    -5.8672724948315711e+00 1.2750260952976332e+01
    -4.4289963018279570e+00 -4.6662069349756212e+00
    1.0416424669761865e+01 -6.9647618615816960e+00
    -3.6357964733900308e+00 9.0760423624697868e+00
    -6.7587145623834468e+00 -4.7596968277852154e+00
    7.7647458593917484e+00 -9.2087098716396532e-01
    -5.0854121117972184e+00 1.3234083054593434e+01
    -1.1194557269882436e+01 -2.2544804828041225e+00
    1.1071623040586118e+01</data></tvecsR>
</opencv_storage>
